562
375
9606
3055
562
1140
602
4472
4690
3879
10036
1557
3055
3055
10488
2115
9606
64518
4932
4932
9606
6239
7629
9606
10506
3702
9606
272843
273119
273116
9606
272557
272557
272557
272557
272557
10488
208964
272558
272558
85962
7719
272635
272635
160492
171101
224308
224308
224308
273075
272626
272626
272626
103690
103690
6239
6239
267608
6239
7227
3702
3702
188937
188937
188937
188937
7227
3702
119072
190485
190485
7227
3702
3702
3702
3702
3702
9606
3702
39947
197221
3702
5722
221109
221109
221109
221109
272564
207559
73239
36329
36329
36329
7227
211110
272633
176280
176280
8355
220668
44689
223283
184922
184922
226185
226900
226900
180454
180454
233150
9606
235279
83288
5141
5141
243090
167539
257310
59919
84588
39947
7955
39947
1393
4896
242507
112509
39947
6238
227321
227321
1402
262316
259564
159087
243275
229533
229533
229533
3702
222523
222523
267377
262543
237631
262543
264198
259564
272627
5807
237561
264201
882
265669
74109
99883
267748
267748
267748
8355
7460
7460
7460
7460
266264
266264
266265
1352
269797
269797
269797
269797
269799
985
203119
203123
278197
32630
8355
281309
6239
218491
283643
284593
284590
284591
286604
9031
9031
9031
9031
39947
39947
39947
177439
76111
292459
292459
39947
39947
39947
292415
1596
272564
203120
207559
207559
295405
272560
272560
7955
1140
262543
295358
295358
37329
3702
6279
6238
6253
